# Fixed positions
0 0.00000000 0.00 0.00
1 0.00000000 -29.00 32.00
2 0.00000000 -91.00 -59.00
3 0.00000000 -73.00 42.00
4 0.00000000 -11.00 -45.50
5 0.00000000 27.00 39.00
6 0.00000000 74.00 29.00
7 0.00000000 114.00 -33.00
8 0.00000000 38.68 -23.68
9 0.00000000 81.32 71.05
10 0.00000000 67.11 -42.89

# Mobile nodes
11 0.00000000 70.00 44.00
12 0.00000000 141.00 -28.00
13 0.00000000 -114.00 61.00
14 0.00000000 -134.00 16.00
15 0.00000000 114.00 80.00
16 0.00000000 -54.00 -81.00

11 1.00000000 70.00 50.20
12 1.00000000 140.79 -21.21
13 1.00000000 -109.45 57.27
14 1.00000000 -127.75 16.00
15 1.00000000 111.48 75.09
16 1.00000000 -48.60 -81.00

11 2.00000000 70.00 56.40
12 2.00000000 140.18 -14.54
13 2.00000000 -104.91 53.55
14 2.00000000 -121.50 16.00
15 2.00000000 108.96 70.17
16 2.00000000 -43.20 -81.00

11 3.00000000 70.00 62.60
12 3.00000000 139.17 -8.11
13 3.00000000 -100.36 49.82
14 3.00000000 -115.25 16.00
15 3.00000000 106.43 65.26
16 3.00000000 -37.80 -81.00

11 4.00000000 70.00 68.80
12 4.00000000 137.78 -2.01
13 4.00000000 -95.82 46.09
14 4.00000000 -109.00 16.00
15 4.00000000 103.91 60.35
16 4.00000000 -32.40 -81.00

11 5.00000000 70.00 75.00
12 5.00000000 136.03 3.64
13 5.00000000 -91.27 42.36
14 5.00000000 -102.75 16.00
15 5.00000000 101.39 55.43
16 5.00000000 -27.00 -81.00

11 6.00000000 70.00 75.00
12 6.00000000 133.96 8.75
13 6.00000000 -86.73 38.64
14 6.00000000 -96.50 16.00
15 6.00000000 98.87 50.52
16 6.00000000 -21.60 -81.00

11 7.00000000 64.62 75.00
12 7.00000000 131.60 13.23
13 7.00000000 -82.18 34.91
14 7.00000000 -90.25 16.00
15 7.00000000 96.35 45.61
16 7.00000000 -16.20 -81.00

11 8.00000000 59.23 75.00
12 8.00000000 128.99 17.01
13 8.00000000 -77.64 31.18
14 8.00000000 -84.00 16.00
15 8.00000000 93.83 40.70
16 8.00000000 -10.80 -81.00

11 9.00000000 53.85 75.00
12 9.00000000 126.18 20.02
13 9.00000000 -73.09 27.45
14 9.00000000 -84.00 16.00
15 9.00000000 91.30 35.78
16 9.00000000 -5.40 -81.00

11 10.00000000 48.46 75.00
12 10.00000000 123.21 22.20
13 10.00000000 -68.55 23.73
14 10.00000000 -84.00 10.56
15 10.00000000 88.78 30.87
16 10.00000000 0.00 -81.00

11 11.00000000 43.08 75.00
12 11.00000000 120.13 23.53
13 11.00000000 -64.00 20.00
14 11.00000000 -84.00 5.11
15 11.00000000 86.26 25.96
16 11.00000000 5.40 -81.00

11 12.00000000 37.69 75.00
12 12.00000000 117.00 23.98
13 12.00000000 -64.00 20.00
14 12.00000000 -84.00 -0.33
15 12.00000000 83.74 21.04
16 12.00000000 10.80 -81.00

11 13.00000000 32.31 75.00
12 13.00000000 113.87 23.54
13 13.00000000 -64.00 14.53
14 13.00000000 -84.00 -5.78
15 13.00000000 81.22 16.13
16 13.00000000 16.20 -81.00

11 14.00000000 26.92 75.00
12 14.00000000 110.79 22.22
13 14.00000000 -64.00 9.07
14 14.00000000 -84.00 -11.22
15 14.00000000 78.70 11.22
16 14.00000000 21.60 -81.00

11 15.00000000 21.54 75.00
12 15.00000000 107.82 20.04
13 15.00000000 -64.00 3.60
14 15.00000000 -84.00 -16.67
15 15.00000000 76.17 6.30
16 15.00000000 27.00 -81.00

11 16.00000000 16.15 75.00
12 16.00000000 105.00 17.03
13 16.00000000 -64.00 -1.87
14 16.00000000 -84.00 -22.11
15 16.00000000 73.65 1.39
16 16.00000000 32.40 -81.00

11 17.00000000 10.77 75.00
12 17.00000000 102.39 13.25
13 17.00000000 -64.00 -7.33
14 17.00000000 -84.00 -27.56
15 17.00000000 71.13 -3.52
16 17.00000000 37.80 -81.00

11 18.00000000 5.38 75.00
12 18.00000000 100.03 8.76
13 18.00000000 -64.00 -12.80
14 18.00000000 -84.00 -33.00
15 18.00000000 68.61 -8.43
16 18.00000000 43.20 -81.00

11 19.00000000 -0.00 75.00
12 19.00000000 97.97 3.65
13 19.00000000 -64.00 -18.27
14 19.00000000 -84.00 -38.44
15 19.00000000 66.09 -13.35
16 19.00000000 48.60 -81.00

11 20.00000000 -5.38 75.00
12 20.00000000 96.22 -2.01
13 20.00000000 -64.00 -23.73
14 20.00000000 -84.00 -43.89
15 20.00000000 63.57 -18.26
16 20.00000000 54.00 -81.00

11 21.00000000 -10.77 75.00
12 21.00000000 94.84 -8.11
13 21.00000000 -64.00 -29.20
14 21.00000000 -84.00 -49.33
15 21.00000000 61.04 -23.17
16 21.00000000 54.00 -81.00

11 22.00000000 -16.15 75.00
12 22.00000000 93.83 -14.55
13 22.00000000 -64.00 -34.67
14 22.00000000 -84.00 -54.78
15 22.00000000 58.52 -28.09
16 22.00000000 48.60 -81.00

11 23.00000000 -21.54 75.00
12 23.00000000 93.22 -21.22
13 23.00000000 -64.00 -40.13
14 23.00000000 -84.00 -60.22
15 23.00000000 56.00 -33.00
16 23.00000000 43.20 -81.00

11 24.00000000 -26.92 75.00
12 24.00000000 93.01 -28.00
13 24.00000000 -64.00 -45.60
14 24.00000000 -84.00 -65.67
15 24.00000000 56.00 -33.00
16 24.00000000 37.80 -81.00

11 25.00000000 -32.31 75.00
12 25.00000000 93.22 -34.78
13 25.00000000 -64.00 -51.07
14 25.00000000 -84.00 -71.11
15 25.00000000 50.50 -33.00
16 25.00000000 32.40 -81.00

11 26.00000000 -37.69 75.00
12 26.00000000 93.83 -41.45
13 26.00000000 -64.00 -56.53
14 26.00000000 -84.00 -76.56
15 26.00000000 45.00 -33.00
16 26.00000000 27.00 -81.00

11 27.00000000 -43.08 75.00
12 27.00000000 94.84 -47.89
13 27.00000000 -64.00 -62.00
14 27.00000000 -84.00 -82.00
15 27.00000000 39.50 -33.00
16 27.00000000 21.60 -81.00

11 28.00000000 -48.46 75.00
12 28.00000000 96.22 -53.99
13 28.00000000 -64.00 -62.00
14 28.00000000 -84.00 -82.00
15 28.00000000 34.00 -33.00
16 28.00000000 16.20 -81.00

11 29.00000000 -53.85 75.00
12 29.00000000 97.97 -59.65
13 29.00000000 -58.56 -62.00
14 29.00000000 -90.25 -82.00
15 29.00000000 28.50 -33.00
16 29.00000000 10.80 -81.00

11 30.00000000 -59.23 75.00
12 30.00000000 100.03 -64.76
13 30.00000000 -53.12 -62.00
14 30.00000000 -96.50 -82.00
15 30.00000000 23.00 -33.00
16 30.00000000 5.40 -81.00

11 31.00000000 -64.62 75.00
12 31.00000000 102.39 -69.25
13 31.00000000 -47.68 -62.00
14 31.00000000 -102.75 -82.00
15 31.00000000 17.50 -33.00
16 31.00000000 0.00 -81.00

11 32.00000000 -70.00 75.00
12 32.00000000 105.00 -73.03
13 32.00000000 -42.24 -62.00
14 32.00000000 -109.00 -82.00
15 32.00000000 12.00 -33.00
16 32.00000000 -5.40 -81.00

11 33.00000000 -70.00 75.00
12 33.00000000 107.82 -76.04
13 33.00000000 -36.80 -62.00
14 33.00000000 -115.25 -82.00
15 33.00000000 6.50 -33.00
16 33.00000000 -10.80 -81.00

11 34.00000000 -70.00 68.80
12 34.00000000 110.79 -78.22
13 34.00000000 -31.36 -62.00
14 34.00000000 -121.50 -82.00
15 34.00000000 1.00 -33.00
16 34.00000000 -16.20 -81.00

11 35.00000000 -70.00 62.60
12 35.00000000 113.87 -79.54
13 35.00000000 -25.92 -62.00
14 35.00000000 -127.75 -82.00
15 35.00000000 -4.50 -33.00
16 35.00000000 -21.60 -81.00

11 36.00000000 -70.00 56.40
12 36.00000000 117.00 -79.98
13 36.00000000 -20.48 -62.00
14 36.00000000 -134.00 -82.00
15 36.00000000 -10.00 -33.00
16 36.00000000 -27.00 -81.00

11 37.00000000 -70.00 50.20
12 37.00000000 120.13 -79.53
13 37.00000000 -15.04 -62.00
14 37.00000000 -134.00 -82.00
15 37.00000000 -15.50 -33.00
16 37.00000000 -32.40 -81.00

11 38.00000000 -70.00 44.00
12 38.00000000 123.21 -78.20
13 38.00000000 -9.60 -62.00
14 38.00000000 -134.00 -76.56
15 38.00000000 -21.00 -33.00
16 38.00000000 -37.80 -81.00

11 39.00000000 -70.00 44.00
12 39.00000000 126.18 -76.02
13 39.00000000 -4.16 -62.00
14 39.00000000 -134.00 -71.11
15 39.00000000 -21.00 -33.00
16 39.00000000 -43.20 -81.00

11 40.00000000 -64.62 44.00
12 40.00000000 128.99 -73.01
13 40.00000000 1.28 -62.00
14 40.00000000 -134.00 -65.67
15 40.00000000 -15.50 -33.00
16 40.00000000 -48.60 -81.00

11 41.00000000 -59.23 44.00
12 41.00000000 131.60 -69.23
13 41.00000000 6.72 -62.00
14 41.00000000 -134.00 -60.22
15 41.00000000 -10.00 -33.00
16 41.00000000 -54.00 -81.00

11 42.00000000 -53.85 44.00
12 42.00000000 133.96 -64.75
13 42.00000000 12.16 -62.00
14 42.00000000 -134.00 -54.78
15 42.00000000 -4.50 -33.00

11 43.00000000 -48.46 44.00
12 43.00000000 136.03 -59.64
13 43.00000000 17.60 -62.00
14 43.00000000 -134.00 -49.33
15 43.00000000 1.00 -33.00

11 44.00000000 -43.08 44.00
12 44.00000000 137.78 -53.99
13 44.00000000 23.04 -62.00
14 44.00000000 -134.00 -43.89
15 44.00000000 6.50 -33.00

11 45.00000000 -37.69 44.00
12 45.00000000 139.17 -47.89
13 45.00000000 28.48 -62.00
14 45.00000000 -134.00 -38.44
15 45.00000000 12.00 -33.00

11 46.00000000 -32.31 44.00
12 46.00000000 140.18 -41.46
13 46.00000000 33.92 -62.00
14 46.00000000 -134.00 -33.00
15 46.00000000 17.50 -33.00

11 47.00000000 -26.92 44.00
12 47.00000000 140.79 -34.79
13 47.00000000 39.36 -62.00
14 47.00000000 -134.00 -27.56
15 47.00000000 23.00 -33.00

11 48.00000000 -21.54 44.00
12 48.00000000 141.00 -28.00
13 48.00000000 44.80 -62.00
14 48.00000000 -134.00 -22.11
15 48.00000000 28.50 -33.00

11 49.00000000 -16.15 44.00
13 49.00000000 50.24 -62.00
14 49.00000000 -134.00 -16.67
15 49.00000000 34.00 -33.00

11 50.00000000 -10.77 44.00
13 50.00000000 55.68 -62.00
14 50.00000000 -134.00 -11.22
15 50.00000000 39.50 -33.00

11 51.00000000 -5.38 44.00
13 51.00000000 61.12 -62.00
14 51.00000000 -134.00 -5.78
15 51.00000000 45.00 -33.00

11 52.00000000 0.00 44.00
13 52.00000000 66.56 -62.00
14 52.00000000 -134.00 -0.33
15 52.00000000 50.50 -33.00

11 53.00000000 5.38 44.00
13 53.00000000 72.00 -62.00
14 53.00000000 -134.00 5.11
15 53.00000000 56.00 -33.00

11 54.00000000 10.77 44.00
13 54.00000000 72.00 -62.00
14 54.00000000 -134.00 10.56
15 54.00000000 56.00 -33.00

11 55.00000000 16.15 44.00
13 55.00000000 66.56 -62.00
14 55.00000000 -134.00 16.00
15 55.00000000 58.52 -28.09

11 56.00000000 21.54 44.00
13 56.00000000 61.12 -62.00
15 56.00000000 61.04 -23.17

11 57.00000000 26.92 44.00
13 57.00000000 55.68 -62.00
15 57.00000000 63.57 -18.26

11 58.00000000 32.31 44.00
13 58.00000000 50.24 -62.00
15 58.00000000 66.09 -13.35

11 59.00000000 37.69 44.00
13 59.00000000 44.80 -62.00
15 59.00000000 68.61 -8.43

11 60.00000000 43.08 44.00
13 60.00000000 39.36 -62.00
15 60.00000000 71.13 -3.52

11 61.00000000 48.46 44.00
13 61.00000000 33.92 -62.00
15 61.00000000 73.65 1.39

11 62.00000000 53.85 44.00
13 62.00000000 28.48 -62.00
15 62.00000000 76.17 6.30

11 63.00000000 59.23 44.00
13 63.00000000 23.04 -62.00
15 63.00000000 78.70 11.22

11 64.00000000 64.62 44.00
13 64.00000000 17.60 -62.00
15 64.00000000 81.22 16.13

11 65.00000000 70.00 44.00
13 65.00000000 12.16 -62.00
15 65.00000000 83.74 21.04

13 66.00000000 6.72 -62.00
15 66.00000000 86.26 25.96

13 67.00000000 1.28 -62.00
15 67.00000000 88.78 30.87

13 68.00000000 -4.16 -62.00
15 68.00000000 91.30 35.78

13 69.00000000 -9.60 -62.00
15 69.00000000 93.83 40.70

13 70.00000000 -15.04 -62.00
15 70.00000000 96.35 45.61

13 71.00000000 -20.48 -62.00
15 71.00000000 98.87 50.52

13 72.00000000 -25.92 -62.00
15 72.00000000 101.39 55.43

13 73.00000000 -31.36 -62.00
15 73.00000000 103.91 60.35

13 74.00000000 -36.80 -62.00
15 74.00000000 106.43 65.26

13 75.00000000 -42.24 -62.00
15 75.00000000 108.96 70.17

13 76.00000000 -47.68 -62.00
15 76.00000000 111.48 75.09

13 77.00000000 -53.12 -62.00
15 77.00000000 114.00 80.00

13 78.00000000 -58.56 -62.00

13 79.00000000 -64.00 -62.00

13 80.00000000 -64.00 -62.00

13 81.00000000 -64.00 -56.53

13 82.00000000 -64.00 -51.07

13 83.00000000 -64.00 -45.60

13 84.00000000 -64.00 -40.13

13 85.00000000 -64.00 -34.67

13 86.00000000 -64.00 -29.20

13 87.00000000 -64.00 -23.73

13 88.00000000 -64.00 -18.27

13 89.00000000 -64.00 -12.80

13 90.00000000 -64.00 -7.33

13 91.00000000 -64.00 -1.87

13 92.00000000 -64.00 3.60

13 93.00000000 -64.00 9.07

13 94.00000000 -64.00 14.53

13 95.00000000 -64.00 20.00

13 96.00000000 -64.00 20.00

13 97.00000000 -68.55 23.73

13 98.00000000 -73.09 27.45

13 99.00000000 -77.64 31.18

13 100.00000000 -82.18 34.91

13 101.00000000 -86.73 38.64

13 102.00000000 -91.27 42.36

13 103.00000000 -95.82 46.09

13 104.00000000 -100.36 49.82

13 105.00000000 -104.91 53.55

13 106.00000000 -109.45 57.27

13 107.00000000 -114.00 61.00





























