# Fixed positions
0 0.00000000 0.00 0.00
1 0.00000000 -29.00 32.00
2 0.00000000 -71.00 13.00
3 0.00000000 -102.00 -21.00
4 0.00000000 -91.00 -59.00
5 0.00000000 -73.00 42.00
6 0.00000000 -11.00 -45.50
7 0.00000000 27.00 39.00
8 0.00000000 74.00 29.00
9 0.00000000 114.00 -33.00
10 0.00000000 87.00 44.00
11 0.00000000 38.68 -23.68
12 0.00000000 67.11 -42.89

# Mobile nodes
13 0.00000000 70.00 44.00
14 0.00000000 141.00 -28.00
15 0.00000000 -114.00 61.00
16 0.00000000 -134.00 16.00
17 0.00000000 114.00 80.00
18 0.00000000 -54.00 -81.00

13 1.00000000 70.00 50.20
14 1.00000000 140.79 -21.21
15 1.00000000 -109.45 57.27
16 1.00000000 -127.75 16.00
17 1.00000000 111.48 75.09
18 1.00000000 -48.60 -81.00

13 2.00000000 70.00 56.40
14 2.00000000 140.18 -14.54
15 2.00000000 -104.91 53.55
16 2.00000000 -121.50 16.00
17 2.00000000 108.96 70.17
18 2.00000000 -43.20 -81.00

13 3.00000000 70.00 62.60
14 3.00000000 139.17 -8.11
15 3.00000000 -100.36 49.82
16 3.00000000 -115.25 16.00
17 3.00000000 106.43 65.26
18 3.00000000 -37.80 -81.00

13 4.00000000 70.00 68.80
14 4.00000000 137.78 -2.01
15 4.00000000 -95.82 46.09
16 4.00000000 -109.00 16.00
17 4.00000000 103.91 60.35
18 4.00000000 -32.40 -81.00

13 5.00000000 70.00 75.00
14 5.00000000 136.03 3.64
15 5.00000000 -91.27 42.36
16 5.00000000 -102.75 16.00
17 5.00000000 101.39 55.43
18 5.00000000 -27.00 -81.00

13 6.00000000 70.00 75.00
14 6.00000000 133.96 8.75
15 6.00000000 -86.73 38.64
16 6.00000000 -96.50 16.00
17 6.00000000 98.87 50.52
18 6.00000000 -21.60 -81.00

13 7.00000000 64.62 75.00
14 7.00000000 131.60 13.23
15 7.00000000 -82.18 34.91
16 7.00000000 -90.25 16.00
17 7.00000000 96.35 45.61
18 7.00000000 -16.20 -81.00

13 8.00000000 59.23 75.00
14 8.00000000 128.99 17.01
15 8.00000000 -77.64 31.18
16 8.00000000 -84.00 16.00
17 8.00000000 93.83 40.70
18 8.00000000 -10.80 -81.00

13 9.00000000 53.85 75.00
14 9.00000000 126.18 20.02
15 9.00000000 -73.09 27.45
16 9.00000000 -84.00 16.00
17 9.00000000 91.30 35.78
18 9.00000000 -5.40 -81.00

13 10.00000000 48.46 75.00
14 10.00000000 123.21 22.20
15 10.00000000 -68.55 23.73
16 10.00000000 -84.00 10.56
17 10.00000000 88.78 30.87
18 10.00000000 0.00 -81.00

13 11.00000000 43.08 75.00
14 11.00000000 120.13 23.53
15 11.00000000 -64.00 20.00
16 11.00000000 -84.00 5.11
17 11.00000000 86.26 25.96
18 11.00000000 5.40 -81.00

13 12.00000000 37.69 75.00
14 12.00000000 117.00 23.98
15 12.00000000 -64.00 20.00
16 12.00000000 -84.00 -0.33
17 12.00000000 83.74 21.04
18 12.00000000 10.80 -81.00

13 13.00000000 32.31 75.00
14 13.00000000 113.87 23.54
15 13.00000000 -64.00 14.53
16 13.00000000 -84.00 -5.78
17 13.00000000 81.22 16.13
18 13.00000000 16.20 -81.00

13 14.00000000 26.92 75.00
14 14.00000000 110.79 22.22
15 14.00000000 -64.00 9.07
16 14.00000000 -84.00 -11.22
17 14.00000000 78.70 11.22
18 14.00000000 21.60 -81.00

13 15.00000000 21.54 75.00
14 15.00000000 107.82 20.04
15 15.00000000 -64.00 3.60
16 15.00000000 -84.00 -16.67
17 15.00000000 76.17 6.30
18 15.00000000 27.00 -81.00

13 16.00000000 16.15 75.00
14 16.00000000 105.00 17.03
15 16.00000000 -64.00 -1.87
16 16.00000000 -84.00 -22.11
17 16.00000000 73.65 1.39
18 16.00000000 32.40 -81.00

13 17.00000000 10.77 75.00
14 17.00000000 102.39 13.25
15 17.00000000 -64.00 -7.33
16 17.00000000 -84.00 -27.56
17 17.00000000 71.13 -3.52
18 17.00000000 37.80 -81.00

13 18.00000000 5.38 75.00
14 18.00000000 100.03 8.76
15 18.00000000 -64.00 -12.80
16 18.00000000 -84.00 -33.00
17 18.00000000 68.61 -8.43
18 18.00000000 43.20 -81.00

13 19.00000000 -0.00 75.00
14 19.00000000 97.97 3.65
15 19.00000000 -64.00 -18.27
16 19.00000000 -84.00 -38.44
17 19.00000000 66.09 -13.35
18 19.00000000 48.60 -81.00

13 20.00000000 -5.38 75.00
14 20.00000000 96.22 -2.01
15 20.00000000 -64.00 -23.73
16 20.00000000 -84.00 -43.89
17 20.00000000 63.57 -18.26
18 20.00000000 54.00 -81.00

13 21.00000000 -10.77 75.00
14 21.00000000 94.84 -8.11
15 21.00000000 -64.00 -29.20
16 21.00000000 -84.00 -49.33
17 21.00000000 61.04 -23.17
18 21.00000000 54.00 -81.00

13 22.00000000 -16.15 75.00
14 22.00000000 93.83 -14.55
15 22.00000000 -64.00 -34.67
16 22.00000000 -84.00 -54.78
17 22.00000000 58.52 -28.09
18 22.00000000 48.60 -81.00

13 23.00000000 -21.54 75.00
14 23.00000000 93.22 -21.22
15 23.00000000 -64.00 -40.13
16 23.00000000 -84.00 -60.22
17 23.00000000 56.00 -33.00
18 23.00000000 43.20 -81.00

13 24.00000000 -26.92 75.00
14 24.00000000 93.01 -28.00
15 24.00000000 -64.00 -45.60
16 24.00000000 -84.00 -65.67
17 24.00000000 56.00 -33.00
18 24.00000000 37.80 -81.00

13 25.00000000 -32.31 75.00
14 25.00000000 93.22 -34.78
15 25.00000000 -64.00 -51.07
16 25.00000000 -84.00 -71.11
17 25.00000000 50.50 -33.00
18 25.00000000 32.40 -81.00

13 26.00000000 -37.69 75.00
14 26.00000000 93.83 -41.45
15 26.00000000 -64.00 -56.53
16 26.00000000 -84.00 -76.56
17 26.00000000 45.00 -33.00
18 26.00000000 27.00 -81.00

13 27.00000000 -43.08 75.00
14 27.00000000 94.84 -47.89
15 27.00000000 -64.00 -62.00
16 27.00000000 -84.00 -82.00
17 27.00000000 39.50 -33.00
18 27.00000000 21.60 -81.00

13 28.00000000 -48.46 75.00
14 28.00000000 96.22 -53.99
15 28.00000000 -64.00 -62.00
16 28.00000000 -84.00 -82.00
17 28.00000000 34.00 -33.00
18 28.00000000 16.20 -81.00

13 29.00000000 -53.85 75.00
14 29.00000000 97.97 -59.65
15 29.00000000 -58.56 -62.00
16 29.00000000 -90.25 -82.00
17 29.00000000 28.50 -33.00
18 29.00000000 10.80 -81.00

13 30.00000000 -59.23 75.00
14 30.00000000 100.03 -64.76
15 30.00000000 -53.12 -62.00
16 30.00000000 -96.50 -82.00
17 30.00000000 23.00 -33.00
18 30.00000000 5.40 -81.00

13 31.00000000 -64.62 75.00
14 31.00000000 102.39 -69.25
15 31.00000000 -47.68 -62.00
16 31.00000000 -102.75 -82.00
17 31.00000000 17.50 -33.00
18 31.00000000 0.00 -81.00

13 32.00000000 -70.00 75.00
14 32.00000000 105.00 -73.03
15 32.00000000 -42.24 -62.00
16 32.00000000 -109.00 -82.00
17 32.00000000 12.00 -33.00
18 32.00000000 -5.40 -81.00

13 33.00000000 -70.00 75.00
14 33.00000000 107.82 -76.04
15 33.00000000 -36.80 -62.00
16 33.00000000 -115.25 -82.00
17 33.00000000 6.50 -33.00
18 33.00000000 -10.80 -81.00

13 34.00000000 -70.00 68.80
14 34.00000000 110.79 -78.22
15 34.00000000 -31.36 -62.00
16 34.00000000 -121.50 -82.00
17 34.00000000 1.00 -33.00
18 34.00000000 -16.20 -81.00

13 35.00000000 -70.00 62.60
14 35.00000000 113.87 -79.54
15 35.00000000 -25.92 -62.00
16 35.00000000 -127.75 -82.00
17 35.00000000 -4.50 -33.00
18 35.00000000 -21.60 -81.00

13 36.00000000 -70.00 56.40
14 36.00000000 117.00 -79.98
15 36.00000000 -20.48 -62.00
16 36.00000000 -134.00 -82.00
17 36.00000000 -10.00 -33.00
18 36.00000000 -27.00 -81.00

13 37.00000000 -70.00 50.20
14 37.00000000 120.13 -79.53
15 37.00000000 -15.04 -62.00
16 37.00000000 -134.00 -82.00
17 37.00000000 -15.50 -33.00
18 37.00000000 -32.40 -81.00

13 38.00000000 -70.00 44.00
14 38.00000000 123.21 -78.20
15 38.00000000 -9.60 -62.00
16 38.00000000 -134.00 -76.56
17 38.00000000 -21.00 -33.00
18 38.00000000 -37.80 -81.00

13 39.00000000 -70.00 44.00
14 39.00000000 126.18 -76.02
15 39.00000000 -4.16 -62.00
16 39.00000000 -134.00 -71.11
17 39.00000000 -21.00 -33.00
18 39.00000000 -43.20 -81.00

13 40.00000000 -64.62 44.00
14 40.00000000 128.99 -73.01
15 40.00000000 1.28 -62.00
16 40.00000000 -134.00 -65.67
17 40.00000000 -15.50 -33.00
18 40.00000000 -48.60 -81.00

13 41.00000000 -59.23 44.00
14 41.00000000 131.60 -69.23
15 41.00000000 6.72 -62.00
16 41.00000000 -134.00 -60.22
17 41.00000000 -10.00 -33.00
18 41.00000000 -54.00 -81.00

13 42.00000000 -53.85 44.00
14 42.00000000 133.96 -64.75
15 42.00000000 12.16 -62.00
16 42.00000000 -134.00 -54.78
17 42.00000000 -4.50 -33.00

13 43.00000000 -48.46 44.00
14 43.00000000 136.03 -59.64
15 43.00000000 17.60 -62.00
16 43.00000000 -134.00 -49.33
17 43.00000000 1.00 -33.00

13 44.00000000 -43.08 44.00
14 44.00000000 137.78 -53.99
15 44.00000000 23.04 -62.00
16 44.00000000 -134.00 -43.89
17 44.00000000 6.50 -33.00

13 45.00000000 -37.69 44.00
14 45.00000000 139.17 -47.89
15 45.00000000 28.48 -62.00
16 45.00000000 -134.00 -38.44
17 45.00000000 12.00 -33.00

13 46.00000000 -32.31 44.00
14 46.00000000 140.18 -41.46
15 46.00000000 33.92 -62.00
16 46.00000000 -134.00 -33.00
17 46.00000000 17.50 -33.00

13 47.00000000 -26.92 44.00
14 47.00000000 140.79 -34.79
15 47.00000000 39.36 -62.00
16 47.00000000 -134.00 -27.56
17 47.00000000 23.00 -33.00

13 48.00000000 -21.54 44.00
14 48.00000000 141.00 -28.00
15 48.00000000 44.80 -62.00
16 48.00000000 -134.00 -22.11
17 48.00000000 28.50 -33.00

13 49.00000000 -16.15 44.00
15 49.00000000 50.24 -62.00
16 49.00000000 -134.00 -16.67
17 49.00000000 34.00 -33.00

13 50.00000000 -10.77 44.00
15 50.00000000 55.68 -62.00
16 50.00000000 -134.00 -11.22
17 50.00000000 39.50 -33.00

13 51.00000000 -5.38 44.00
15 51.00000000 61.12 -62.00
16 51.00000000 -134.00 -5.78
17 51.00000000 45.00 -33.00

13 52.00000000 0.00 44.00
15 52.00000000 66.56 -62.00
16 52.00000000 -134.00 -0.33
17 52.00000000 50.50 -33.00

13 53.00000000 5.38 44.00
15 53.00000000 72.00 -62.00
16 53.00000000 -134.00 5.11
17 53.00000000 56.00 -33.00

13 54.00000000 10.77 44.00
15 54.00000000 72.00 -62.00
16 54.00000000 -134.00 10.56
17 54.00000000 56.00 -33.00

13 55.00000000 16.15 44.00
15 55.00000000 66.56 -62.00
16 55.00000000 -134.00 16.00
17 55.00000000 58.52 -28.09

13 56.00000000 21.54 44.00
15 56.00000000 61.12 -62.00
17 56.00000000 61.04 -23.17

13 57.00000000 26.92 44.00
15 57.00000000 55.68 -62.00
17 57.00000000 63.57 -18.26

13 58.00000000 32.31 44.00
15 58.00000000 50.24 -62.00
17 58.00000000 66.09 -13.35

13 59.00000000 37.69 44.00
15 59.00000000 44.80 -62.00
17 59.00000000 68.61 -8.43

13 60.00000000 43.08 44.00
15 60.00000000 39.36 -62.00
17 60.00000000 71.13 -3.52

13 61.00000000 48.46 44.00
15 61.00000000 33.92 -62.00
17 61.00000000 73.65 1.39

13 62.00000000 53.85 44.00
15 62.00000000 28.48 -62.00
17 62.00000000 76.17 6.30

13 63.00000000 59.23 44.00
15 63.00000000 23.04 -62.00
17 63.00000000 78.70 11.22

13 64.00000000 64.62 44.00
15 64.00000000 17.60 -62.00
17 64.00000000 81.22 16.13

13 65.00000000 70.00 44.00
15 65.00000000 12.16 -62.00
17 65.00000000 83.74 21.04

15 66.00000000 6.72 -62.00
17 66.00000000 86.26 25.96

15 67.00000000 1.28 -62.00
17 67.00000000 88.78 30.87

15 68.00000000 -4.16 -62.00
17 68.00000000 91.30 35.78

15 69.00000000 -9.60 -62.00
17 69.00000000 93.83 40.70

15 70.00000000 -15.04 -62.00
17 70.00000000 96.35 45.61

15 71.00000000 -20.48 -62.00
17 71.00000000 98.87 50.52

15 72.00000000 -25.92 -62.00
17 72.00000000 101.39 55.43

15 73.00000000 -31.36 -62.00
17 73.00000000 103.91 60.35

15 74.00000000 -36.80 -62.00
17 74.00000000 106.43 65.26

15 75.00000000 -42.24 -62.00
17 75.00000000 108.96 70.17

15 76.00000000 -47.68 -62.00
17 76.00000000 111.48 75.09

15 77.00000000 -53.12 -62.00
17 77.00000000 114.00 80.00

15 78.00000000 -58.56 -62.00

15 79.00000000 -64.00 -62.00

15 80.00000000 -64.00 -62.00

15 81.00000000 -64.00 -56.53

15 82.00000000 -64.00 -51.07

15 83.00000000 -64.00 -45.60

15 84.00000000 -64.00 -40.13

15 85.00000000 -64.00 -34.67

15 86.00000000 -64.00 -29.20

15 87.00000000 -64.00 -23.73

15 88.00000000 -64.00 -18.27

15 89.00000000 -64.00 -12.80

15 90.00000000 -64.00 -7.33

15 91.00000000 -64.00 -1.87

15 92.00000000 -64.00 3.60

15 93.00000000 -64.00 9.07

15 94.00000000 -64.00 14.53

15 95.00000000 -64.00 20.00

15 96.00000000 -64.00 20.00

15 97.00000000 -68.55 23.73

15 98.00000000 -73.09 27.45

15 99.00000000 -77.64 31.18

15 100.00000000 -82.18 34.91

15 101.00000000 -86.73 38.64

15 102.00000000 -91.27 42.36

15 103.00000000 -95.82 46.09

15 104.00000000 -100.36 49.82

15 105.00000000 -104.91 53.55

15 106.00000000 -109.45 57.27

15 107.00000000 -114.00 61.00





























