# Fixed positions
0 0.00000000 0.00 0.00
1 0.00000000 -29.00 32.00
2 0.00000000 -71.00 13.00
3 0.00000000 -102.00 -21.00
4 0.00000000 -91.00 -59.00
5 0.00000000 -73.00 42.00
6 0.00000000 -11.00 -45.50
7 0.00000000 36.00 -50.00
8 0.00000000 27.00 39.00
9 0.00000000 74.00 29.00
10 0.00000000 114.00 -33.00
11 0.00000000 87.00 44.00
12 0.00000000 -124.74 -55.79
13 0.00000000 -108.42 9.74
14 0.00000000 38.68 -23.68
15 0.00000000 88.16 -54.74
16 0.00000000 67.11 -42.89
17 0.00000000 -11.32 -88.95

# Mobile nodes
18 0.00000000 70.00 44.00
19 0.00000000 141.00 -28.00
20 0.00000000 -114.00 61.00
21 0.00000000 -134.00 16.00
22 0.00000000 114.00 80.00
23 0.00000000 -54.00 -81.00

18 1.00000000 70.00 50.20
19 1.00000000 140.79 -21.21
20 1.00000000 -109.45 57.27
21 1.00000000 -127.75 16.00
22 1.00000000 111.48 75.09
23 1.00000000 -48.60 -81.00

18 2.00000000 70.00 56.40
19 2.00000000 140.18 -14.54
20 2.00000000 -104.91 53.55
21 2.00000000 -121.50 16.00
22 2.00000000 108.96 70.17
23 2.00000000 -43.20 -81.00

18 3.00000000 70.00 62.60
19 3.00000000 139.17 -8.11
20 3.00000000 -100.36 49.82
21 3.00000000 -115.25 16.00
22 3.00000000 106.43 65.26
23 3.00000000 -37.80 -81.00

18 4.00000000 70.00 68.80
19 4.00000000 137.78 -2.01
20 4.00000000 -95.82 46.09
21 4.00000000 -109.00 16.00
22 4.00000000 103.91 60.35
23 4.00000000 -32.40 -81.00

18 5.00000000 70.00 75.00
19 5.00000000 136.03 3.64
20 5.00000000 -91.27 42.36
21 5.00000000 -102.75 16.00
22 5.00000000 101.39 55.43
23 5.00000000 -27.00 -81.00

18 6.00000000 70.00 75.00
19 6.00000000 133.96 8.75
20 6.00000000 -86.73 38.64
21 6.00000000 -96.50 16.00
22 6.00000000 98.87 50.52
23 6.00000000 -21.60 -81.00

18 7.00000000 64.62 75.00
19 7.00000000 131.60 13.23
20 7.00000000 -82.18 34.91
21 7.00000000 -90.25 16.00
22 7.00000000 96.35 45.61
23 7.00000000 -16.20 -81.00

18 8.00000000 59.23 75.00
19 8.00000000 128.99 17.01
20 8.00000000 -77.64 31.18
21 8.00000000 -84.00 16.00
22 8.00000000 93.83 40.70
23 8.00000000 -10.80 -81.00

18 9.00000000 53.85 75.00
19 9.00000000 126.18 20.02
20 9.00000000 -73.09 27.45
21 9.00000000 -84.00 16.00
22 9.00000000 91.30 35.78
23 9.00000000 -5.40 -81.00

18 10.00000000 48.46 75.00
19 10.00000000 123.21 22.20
20 10.00000000 -68.55 23.73
21 10.00000000 -84.00 10.56
22 10.00000000 88.78 30.87
23 10.00000000 0.00 -81.00

18 11.00000000 43.08 75.00
19 11.00000000 120.13 23.53
20 11.00000000 -64.00 20.00
21 11.00000000 -84.00 5.11
22 11.00000000 86.26 25.96
23 11.00000000 5.40 -81.00

18 12.00000000 37.69 75.00
19 12.00000000 117.00 23.98
20 12.00000000 -64.00 20.00
21 12.00000000 -84.00 -0.33
22 12.00000000 83.74 21.04
23 12.00000000 10.80 -81.00

18 13.00000000 32.31 75.00
19 13.00000000 113.87 23.54
20 13.00000000 -64.00 14.53
21 13.00000000 -84.00 -5.78
22 13.00000000 81.22 16.13
23 13.00000000 16.20 -81.00

18 14.00000000 26.92 75.00
19 14.00000000 110.79 22.22
20 14.00000000 -64.00 9.07
21 14.00000000 -84.00 -11.22
22 14.00000000 78.70 11.22
23 14.00000000 21.60 -81.00

18 15.00000000 21.54 75.00
19 15.00000000 107.82 20.04
20 15.00000000 -64.00 3.60
21 15.00000000 -84.00 -16.67
22 15.00000000 76.17 6.30
23 15.00000000 27.00 -81.00

18 16.00000000 16.15 75.00
19 16.00000000 105.00 17.03
20 16.00000000 -64.00 -1.87
21 16.00000000 -84.00 -22.11
22 16.00000000 73.65 1.39
23 16.00000000 32.40 -81.00

18 17.00000000 10.77 75.00
19 17.00000000 102.39 13.25
20 17.00000000 -64.00 -7.33
21 17.00000000 -84.00 -27.56
22 17.00000000 71.13 -3.52
23 17.00000000 37.80 -81.00

18 18.00000000 5.38 75.00
19 18.00000000 100.03 8.76
20 18.00000000 -64.00 -12.80
21 18.00000000 -84.00 -33.00
22 18.00000000 68.61 -8.43
23 18.00000000 43.20 -81.00

18 19.00000000 -0.00 75.00
19 19.00000000 97.97 3.65
20 19.00000000 -64.00 -18.27
21 19.00000000 -84.00 -38.44
22 19.00000000 66.09 -13.35
23 19.00000000 48.60 -81.00

18 20.00000000 -5.38 75.00
19 20.00000000 96.22 -2.01
20 20.00000000 -64.00 -23.73
21 20.00000000 -84.00 -43.89
22 20.00000000 63.57 -18.26
23 20.00000000 54.00 -81.00

18 21.00000000 -10.77 75.00
19 21.00000000 94.84 -8.11
20 21.00000000 -64.00 -29.20
21 21.00000000 -84.00 -49.33
22 21.00000000 61.04 -23.17
23 21.00000000 54.00 -81.00

18 22.00000000 -16.15 75.00
19 22.00000000 93.83 -14.55
20 22.00000000 -64.00 -34.67
21 22.00000000 -84.00 -54.78
22 22.00000000 58.52 -28.09
23 22.00000000 48.60 -81.00

18 23.00000000 -21.54 75.00
19 23.00000000 93.22 -21.22
20 23.00000000 -64.00 -40.13
21 23.00000000 -84.00 -60.22
22 23.00000000 56.00 -33.00
23 23.00000000 43.20 -81.00

18 24.00000000 -26.92 75.00
19 24.00000000 93.01 -28.00
20 24.00000000 -64.00 -45.60
21 24.00000000 -84.00 -65.67
22 24.00000000 56.00 -33.00
23 24.00000000 37.80 -81.00

18 25.00000000 -32.31 75.00
19 25.00000000 93.22 -34.78
20 25.00000000 -64.00 -51.07
21 25.00000000 -84.00 -71.11
22 25.00000000 50.50 -33.00
23 25.00000000 32.40 -81.00

18 26.00000000 -37.69 75.00
19 26.00000000 93.83 -41.45
20 26.00000000 -64.00 -56.53
21 26.00000000 -84.00 -76.56
22 26.00000000 45.00 -33.00
23 26.00000000 27.00 -81.00

18 27.00000000 -43.08 75.00
19 27.00000000 94.84 -47.89
20 27.00000000 -64.00 -62.00
21 27.00000000 -84.00 -82.00
22 27.00000000 39.50 -33.00
23 27.00000000 21.60 -81.00

18 28.00000000 -48.46 75.00
19 28.00000000 96.22 -53.99
20 28.00000000 -64.00 -62.00
21 28.00000000 -84.00 -82.00
22 28.00000000 34.00 -33.00
23 28.00000000 16.20 -81.00

18 29.00000000 -53.85 75.00
19 29.00000000 97.97 -59.65
20 29.00000000 -58.56 -62.00
21 29.00000000 -90.25 -82.00
22 29.00000000 28.50 -33.00
23 29.00000000 10.80 -81.00

18 30.00000000 -59.23 75.00
19 30.00000000 100.03 -64.76
20 30.00000000 -53.12 -62.00
21 30.00000000 -96.50 -82.00
22 30.00000000 23.00 -33.00
23 30.00000000 5.40 -81.00

18 31.00000000 -64.62 75.00
19 31.00000000 102.39 -69.25
20 31.00000000 -47.68 -62.00
21 31.00000000 -102.75 -82.00
22 31.00000000 17.50 -33.00
23 31.00000000 0.00 -81.00

18 32.00000000 -70.00 75.00
19 32.00000000 105.00 -73.03
20 32.00000000 -42.24 -62.00
21 32.00000000 -109.00 -82.00
22 32.00000000 12.00 -33.00
23 32.00000000 -5.40 -81.00

18 33.00000000 -70.00 75.00
19 33.00000000 107.82 -76.04
20 33.00000000 -36.80 -62.00
21 33.00000000 -115.25 -82.00
22 33.00000000 6.50 -33.00
23 33.00000000 -10.80 -81.00

18 34.00000000 -70.00 68.80
19 34.00000000 110.79 -78.22
20 34.00000000 -31.36 -62.00
21 34.00000000 -121.50 -82.00
22 34.00000000 1.00 -33.00
23 34.00000000 -16.20 -81.00

18 35.00000000 -70.00 62.60
19 35.00000000 113.87 -79.54
20 35.00000000 -25.92 -62.00
21 35.00000000 -127.75 -82.00
22 35.00000000 -4.50 -33.00
23 35.00000000 -21.60 -81.00

18 36.00000000 -70.00 56.40
19 36.00000000 117.00 -79.98
20 36.00000000 -20.48 -62.00
21 36.00000000 -134.00 -82.00
22 36.00000000 -10.00 -33.00
23 36.00000000 -27.00 -81.00

18 37.00000000 -70.00 50.20
19 37.00000000 120.13 -79.53
20 37.00000000 -15.04 -62.00
21 37.00000000 -134.00 -82.00
22 37.00000000 -15.50 -33.00
23 37.00000000 -32.40 -81.00

18 38.00000000 -70.00 44.00
19 38.00000000 123.21 -78.20
20 38.00000000 -9.60 -62.00
21 38.00000000 -134.00 -76.56
22 38.00000000 -21.00 -33.00
23 38.00000000 -37.80 -81.00

18 39.00000000 -70.00 44.00
19 39.00000000 126.18 -76.02
20 39.00000000 -4.16 -62.00
21 39.00000000 -134.00 -71.11
22 39.00000000 -21.00 -33.00
23 39.00000000 -43.20 -81.00

18 40.00000000 -64.62 44.00
19 40.00000000 128.99 -73.01
20 40.00000000 1.28 -62.00
21 40.00000000 -134.00 -65.67
22 40.00000000 -15.50 -33.00
23 40.00000000 -48.60 -81.00

18 41.00000000 -59.23 44.00
19 41.00000000 131.60 -69.23
20 41.00000000 6.72 -62.00
21 41.00000000 -134.00 -60.22
22 41.00000000 -10.00 -33.00
23 41.00000000 -54.00 -81.00

18 42.00000000 -53.85 44.00
19 42.00000000 133.96 -64.75
20 42.00000000 12.16 -62.00
21 42.00000000 -134.00 -54.78
22 42.00000000 -4.50 -33.00

18 43.00000000 -48.46 44.00
19 43.00000000 136.03 -59.64
20 43.00000000 17.60 -62.00
21 43.00000000 -134.00 -49.33
22 43.00000000 1.00 -33.00

18 44.00000000 -43.08 44.00
19 44.00000000 137.78 -53.99
20 44.00000000 23.04 -62.00
21 44.00000000 -134.00 -43.89
22 44.00000000 6.50 -33.00

18 45.00000000 -37.69 44.00
19 45.00000000 139.17 -47.89
20 45.00000000 28.48 -62.00
21 45.00000000 -134.00 -38.44
22 45.00000000 12.00 -33.00

18 46.00000000 -32.31 44.00
19 46.00000000 140.18 -41.46
20 46.00000000 33.92 -62.00
21 46.00000000 -134.00 -33.00
22 46.00000000 17.50 -33.00

18 47.00000000 -26.92 44.00
19 47.00000000 140.79 -34.79
20 47.00000000 39.36 -62.00
21 47.00000000 -134.00 -27.56
22 47.00000000 23.00 -33.00

18 48.00000000 -21.54 44.00
19 48.00000000 141.00 -28.00
20 48.00000000 44.80 -62.00
21 48.00000000 -134.00 -22.11
22 48.00000000 28.50 -33.00

18 49.00000000 -16.15 44.00
20 49.00000000 50.24 -62.00
21 49.00000000 -134.00 -16.67
22 49.00000000 34.00 -33.00

18 50.00000000 -10.77 44.00
20 50.00000000 55.68 -62.00
21 50.00000000 -134.00 -11.22
22 50.00000000 39.50 -33.00

18 51.00000000 -5.38 44.00
20 51.00000000 61.12 -62.00
21 51.00000000 -134.00 -5.78
22 51.00000000 45.00 -33.00

18 52.00000000 0.00 44.00
20 52.00000000 66.56 -62.00
21 52.00000000 -134.00 -0.33
22 52.00000000 50.50 -33.00

18 53.00000000 5.38 44.00
20 53.00000000 72.00 -62.00
21 53.00000000 -134.00 5.11
22 53.00000000 56.00 -33.00

18 54.00000000 10.77 44.00
20 54.00000000 72.00 -62.00
21 54.00000000 -134.00 10.56
22 54.00000000 56.00 -33.00

18 55.00000000 16.15 44.00
20 55.00000000 66.56 -62.00
21 55.00000000 -134.00 16.00
22 55.00000000 58.52 -28.09

18 56.00000000 21.54 44.00
20 56.00000000 61.12 -62.00
22 56.00000000 61.04 -23.17

18 57.00000000 26.92 44.00
20 57.00000000 55.68 -62.00
22 57.00000000 63.57 -18.26

18 58.00000000 32.31 44.00
20 58.00000000 50.24 -62.00
22 58.00000000 66.09 -13.35

18 59.00000000 37.69 44.00
20 59.00000000 44.80 -62.00
22 59.00000000 68.61 -8.43

18 60.00000000 43.08 44.00
20 60.00000000 39.36 -62.00
22 60.00000000 71.13 -3.52

18 61.00000000 48.46 44.00
20 61.00000000 33.92 -62.00
22 61.00000000 73.65 1.39

18 62.00000000 53.85 44.00
20 62.00000000 28.48 -62.00
22 62.00000000 76.17 6.30

18 63.00000000 59.23 44.00
20 63.00000000 23.04 -62.00
22 63.00000000 78.70 11.22

18 64.00000000 64.62 44.00
20 64.00000000 17.60 -62.00
22 64.00000000 81.22 16.13

18 65.00000000 70.00 44.00
20 65.00000000 12.16 -62.00
22 65.00000000 83.74 21.04

20 66.00000000 6.72 -62.00
22 66.00000000 86.26 25.96

20 67.00000000 1.28 -62.00
22 67.00000000 88.78 30.87

20 68.00000000 -4.16 -62.00
22 68.00000000 91.30 35.78

20 69.00000000 -9.60 -62.00
22 69.00000000 93.83 40.70

20 70.00000000 -15.04 -62.00
22 70.00000000 96.35 45.61

20 71.00000000 -20.48 -62.00
22 71.00000000 98.87 50.52

20 72.00000000 -25.92 -62.00
22 72.00000000 101.39 55.43

20 73.00000000 -31.36 -62.00
22 73.00000000 103.91 60.35

20 74.00000000 -36.80 -62.00
22 74.00000000 106.43 65.26

20 75.00000000 -42.24 -62.00
22 75.00000000 108.96 70.17

20 76.00000000 -47.68 -62.00
22 76.00000000 111.48 75.09

20 77.00000000 -53.12 -62.00
22 77.00000000 114.00 80.00

20 78.00000000 -58.56 -62.00

20 79.00000000 -64.00 -62.00

20 80.00000000 -64.00 -62.00

20 81.00000000 -64.00 -56.53

20 82.00000000 -64.00 -51.07

20 83.00000000 -64.00 -45.60

20 84.00000000 -64.00 -40.13

20 85.00000000 -64.00 -34.67

20 86.00000000 -64.00 -29.20

20 87.00000000 -64.00 -23.73

20 88.00000000 -64.00 -18.27

20 89.00000000 -64.00 -12.80

20 90.00000000 -64.00 -7.33

20 91.00000000 -64.00 -1.87

20 92.00000000 -64.00 3.60

20 93.00000000 -64.00 9.07

20 94.00000000 -64.00 14.53

20 95.00000000 -64.00 20.00

20 96.00000000 -64.00 20.00

20 97.00000000 -68.55 23.73

20 98.00000000 -73.09 27.45

20 99.00000000 -77.64 31.18

20 100.00000000 -82.18 34.91

20 101.00000000 -86.73 38.64

20 102.00000000 -91.27 42.36

20 103.00000000 -95.82 46.09

20 104.00000000 -100.36 49.82

20 105.00000000 -104.91 53.55

20 106.00000000 -109.45 57.27

20 107.00000000 -114.00 61.00





























